TIME OF DAY: 2018-02-04 14:30:01.394
PROCESS ID: 3303
USER ID: 1000
Sorter system call output:

Before sorting 
177 ,205 ,185 ,170 ,179 ,229 ,85 ,135 ,207 ,42 ,
68 ,244 ,91 ,225 ,179 ,80 ,82 ,248 ,82 ,219 ,
16 ,244 ,22 ,199 ,125 ,104 ,221 ,241 ,13 ,101 ,
225 ,190 ,50 ,155 ,104 ,229 ,128 ,189 ,109 ,79 ,
232 ,177 ,68 ,67 ,146 ,247 ,148 ,228 ,240 ,230 ,
192 ,0 ,218 ,214 ,199 ,87 ,63 ,164 ,72 ,76 ,
9 ,42 ,10 ,59 ,197 ,115 ,33 ,69 ,48 ,142 ,
148 ,24 ,63 ,216 ,92 ,209 ,208 ,240 ,181 ,192 ,
214 ,117 ,192 ,176 ,76 ,135 ,8 ,139 ,44 ,80 ,
215 ,53 ,122 ,225 ,113 ,63 ,84 ,146 ,132 ,133 ,
32 ,25 ,157 ,95 ,241 ,249 ,48 ,193 ,233 ,229 ,
129 ,191 ,91 ,65 ,112 ,167 ,201 ,120 ,50 ,245 ,
200 ,9 ,42 ,67 ,234 ,155 ,130 ,63 ,45 ,7 ,
196 ,77 ,32 ,97 ,172 ,17 ,91 ,220 ,211 ,68 ,
194 ,84 ,4 ,29 ,150 ,116 ,196 ,95 ,236 ,246 ,
84 ,180 ,255 ,126 ,247 ,233 ,26 ,122 ,40 ,71 ,
129 ,236 ,149 ,161 ,78 ,65 ,178 ,169 ,30 ,133 ,
237 ,224 ,218 ,241 ,253 ,112 ,101 ,193 ,207 ,81 ,
183 ,35 ,6 ,182 ,161 ,253 ,159 ,187 ,119 ,200 ,
3 ,248 ,180 ,152 ,153 ,2 ,217 ,76 ,171 ,247 ,
209 ,153 ,215 ,171 ,138 ,212 ,27 ,240 ,149 ,234 ,
65 ,76 ,13 ,71 ,2 ,175 ,69 ,162 ,106 ,188 ,
106 ,109 ,181 ,30 ,5 ,78 ,33 ,223 ,154 ,204 ,
214 ,108 ,101 ,174 ,23 ,240 ,130 ,51 ,224 ,24 ,
29 ,33 ,100 ,43 ,105 ,103 ,218 ,174 ,9 ,68 ,
106 ,115 ,178 ,31 ,145 ,183 ,

After sorting 
255 ,253 ,253 ,249 ,248 ,248 ,247 ,247 ,247 ,246 ,
245 ,244 ,244 ,241 ,241 ,241 ,240 ,240 ,240 ,240 ,
237 ,236 ,236 ,234 ,234 ,233 ,233 ,232 ,230 ,229 ,
229 ,229 ,228 ,225 ,225 ,225 ,224 ,224 ,223 ,221 ,
220 ,219 ,218 ,218 ,218 ,217 ,216 ,215 ,215 ,214 ,
214 ,214 ,212 ,211 ,209 ,209 ,208 ,207 ,207 ,205 ,
204 ,201 ,200 ,200 ,199 ,199 ,197 ,196 ,196 ,194 ,
193 ,193 ,192 ,192 ,192 ,191 ,190 ,189 ,188 ,187 ,
185 ,183 ,183 ,182 ,181 ,181 ,180 ,180 ,179 ,179 ,
178 ,178 ,177 ,177 ,176 ,175 ,174 ,174 ,172 ,171 ,
171 ,170 ,169 ,167 ,164 ,162 ,161 ,161 ,159 ,157 ,
155 ,155 ,154 ,153 ,153 ,152 ,150 ,149 ,149 ,148 ,
148 ,146 ,146 ,145 ,142 ,139 ,138 ,135 ,135 ,133 ,
133 ,132 ,130 ,130 ,129 ,129 ,128 ,126 ,125 ,122 ,
122 ,120 ,119 ,117 ,116 ,115 ,115 ,113 ,112 ,112 ,
109 ,109 ,108 ,106 ,106 ,106 ,105 ,104 ,104 ,103 ,
101 ,101 ,101 ,100 ,97 ,95 ,95 ,92 ,91 ,91 ,
91 ,87 ,85 ,84 ,84 ,84 ,82 ,82 ,81 ,80 ,
80 ,79 ,78 ,78 ,77 ,76 ,76 ,76 ,76 ,72 ,
71 ,71 ,69 ,69 ,68 ,68 ,68 ,68 ,67 ,67 ,
65 ,65 ,65 ,63 ,63 ,63 ,63 ,59 ,53 ,51 ,
50 ,50 ,48 ,48 ,45 ,44 ,43 ,42 ,42 ,42 ,
40 ,35 ,33 ,33 ,33 ,32 ,32 ,31 ,30 ,30 ,
29 ,29 ,27 ,26 ,25 ,24 ,24 ,23 ,22 ,17 ,
16 ,13 ,13 ,10 ,9 ,9 ,9 ,8 ,7 ,6 ,
5 ,4 ,3 ,2 ,2 ,0 ,
---------------------------------------
TIME OF DAY: 2018-02-04 14:40:01.414
PROCESS ID: 3359
USER ID: 1000
Sorter system call output:

Before sorting 
29 ,85 ,204 ,203 ,201 ,197 ,131 ,66 ,127 ,10 ,
205 ,40 ,118 ,178 ,198 ,1 ,232 ,253 ,145 ,202 ,
165 ,241 ,104 ,64 ,96 ,240 ,107 ,156 ,19 ,229 ,
210 ,48 ,58 ,158 ,252 ,4 ,100 ,127 ,70 ,227 ,
137 ,19 ,11 ,255 ,198 ,209 ,0 ,174 ,207 ,145 ,
120 ,116 ,130 ,224 ,180 ,226 ,209 ,32 ,126 ,228 ,
5 ,81 ,21 ,64 ,239 ,17 ,68 ,83 ,144 ,138 ,
54 ,25 ,158 ,65 ,24 ,100 ,19 ,24 ,18 ,226 ,
169 ,138 ,86 ,43 ,106 ,11 ,13 ,59 ,43 ,139 ,
32 ,48 ,220 ,53 ,112 ,204 ,70 ,180 ,31 ,214 ,
63 ,86 ,239 ,221 ,151 ,7 ,65 ,170 ,31 ,83 ,
140 ,200 ,221 ,227 ,243 ,71 ,238 ,0 ,131 ,25 ,
139 ,163 ,73 ,104 ,216 ,186 ,52 ,30 ,110 ,83 ,
244 ,173 ,169 ,227 ,138 ,65 ,234 ,203 ,235 ,9 ,
30 ,120 ,209 ,251 ,91 ,196 ,67 ,73 ,196 ,198 ,
98 ,79 ,105 ,171 ,183 ,65 ,101 ,235 ,95 ,212 ,
63 ,83 ,129 ,232 ,54 ,12 ,41 ,32 ,215 ,21 ,
41 ,246 ,141 ,250 ,241 ,232 ,190 ,52 ,49 ,130 ,
250 ,147 ,209 ,99 ,62 ,137 ,164 ,164 ,116 ,3 ,
120 ,179 ,86 ,249 ,156 ,140 ,5 ,197 ,172 ,221 ,
218 ,213 ,211 ,103 ,207 ,196 ,79 ,141 ,249 ,128 ,
15 ,243 ,19 ,225 ,87 ,82 ,106 ,251 ,246 ,222 ,
255 ,110 ,146 ,85 ,103 ,46 ,226 ,109 ,243 ,142 ,
74 ,206 ,100 ,29 ,53 ,51 ,225 ,133 ,193 ,218 ,
5 ,208 ,206 ,25 ,177 ,37 ,107 ,27 ,32 ,97 ,
250 ,31 ,207 ,140 ,117 ,54 ,

After sorting 
255 ,255 ,253 ,252 ,251 ,251 ,250 ,250 ,250 ,249 ,
249 ,246 ,246 ,244 ,243 ,243 ,243 ,241 ,241 ,240 ,
239 ,239 ,238 ,235 ,235 ,234 ,232 ,232 ,232 ,229 ,
228 ,227 ,227 ,227 ,226 ,226 ,226 ,225 ,225 ,224 ,
222 ,221 ,221 ,221 ,220 ,218 ,218 ,216 ,215 ,214 ,
213 ,212 ,211 ,210 ,209 ,209 ,209 ,209 ,208 ,207 ,
207 ,207 ,206 ,206 ,205 ,204 ,204 ,203 ,203 ,202 ,
201 ,200 ,198 ,198 ,198 ,197 ,197 ,196 ,196 ,196 ,
193 ,190 ,186 ,183 ,180 ,180 ,179 ,178 ,177 ,174 ,
173 ,172 ,171 ,170 ,169 ,169 ,165 ,164 ,164 ,163 ,
158 ,158 ,156 ,156 ,151 ,147 ,146 ,145 ,145 ,144 ,
142 ,141 ,141 ,140 ,140 ,140 ,139 ,139 ,138 ,138 ,
138 ,137 ,137 ,133 ,131 ,131 ,130 ,130 ,129 ,128 ,
127 ,127 ,126 ,120 ,120 ,120 ,118 ,117 ,116 ,116 ,
112 ,110 ,110 ,109 ,107 ,107 ,106 ,106 ,105 ,104 ,
104 ,103 ,103 ,101 ,100 ,100 ,100 ,99 ,98 ,97 ,
96 ,95 ,91 ,87 ,86 ,86 ,86 ,85 ,85 ,83 ,
83 ,83 ,83 ,82 ,81 ,79 ,79 ,74 ,73 ,73 ,
71 ,70 ,70 ,68 ,67 ,66 ,65 ,65 ,65 ,65 ,
64 ,64 ,63 ,63 ,62 ,59 ,58 ,54 ,54 ,54 ,
53 ,53 ,52 ,52 ,51 ,49 ,48 ,48 ,46 ,43 ,
43 ,41 ,41 ,40 ,37 ,32 ,32 ,32 ,32 ,31 ,
31 ,31 ,30 ,30 ,29 ,29 ,27 ,25 ,25 ,25 ,
24 ,24 ,21 ,21 ,19 ,19 ,19 ,19 ,18 ,17 ,
15 ,13 ,12 ,11 ,11 ,10 ,9 ,7 ,5 ,5 ,
5 ,4 ,3 ,1 ,0 ,0 ,
---------------------------------------
